0
40098
11494
2394
61299
15816
3431
64764
43967
38886
3950
8488
29321
19506
18650
5244
22417
2252
10683
35292
12716
46563
1668
34666
23482
58383
61792
64005
33017
50634
61779
27133
18500
6398
52359
60018
63813
17296
3579
15328
5759
407
35881
55675
38056
54286
34409
62922
46328
52053
23435
24100
28757
24295
24054
24887
29789
23255
50944
56583
8640
49218
20366
55962
35377
19881
33829
29132
1105
12109
49415
28605
11504
25842
37918
33026
20407
55299
59387
48357
52310
41276
14921
14988
55549
16340
9624
22986
32424
11694
4463
14193
4679
64172
208
4389
4455
9275
59489
64215
3341
63015
11206
12144
23920
54953
8462
55315
32826
2552
39562
53851
6048
46550
59756
60680
2100
11106
57536
59148
48087
58712
6229
9472
26233
7484
11987
11195
37079
50912
46879
47584
55656
56652
30823
56847
54967
44668
28258
46485
7510
33036
46868
51599
42024
37868
41780
49254
25794
4909
39289
1367
27590
5554
36627
62142
47569
30168
35155
18218
6303
11927
43483
62615
60438
62430
61304
50413
40263
15848
42072
42351
42120
19025
47622
46314
25681
21012
24713
31557
62375
14696
35263
61564
65211
57280
28073
31070
55281
48628
22195
10583
60421
19424
23295
23010
20409
24184
28656
30658
23393
27067
29643
31508
35710
39781
44459
42171
42822
40374
41399
43471
55044
49231
42512
53985
43597
42538
43179
52983
49946
60649
62427
46578
46572
58746
44649
55212
11286
51809
10825
8948
53580
53065
5491
59689
64638
65147
42382
59982
59221
54197
54525
62319
55553
3494
59193
59527
57065
61308
61521
63127
3384
1071
5879
453
2707
19303
32255
27631
3269
11918
10578
28248
14442
28557
2707
32427
25222
17559
24189
13441
31801
6006
23576
26049
41506
25271
20274
38000
46073
23514
15997
29847
3986
5559
11637
26651
29461
28833
62457
29823
64706
50036
61232
29912
65155
46046
61189
38210
36797
58560
7958
33657
47932
5216
43535
52342
17347
25795
54454
28624
61372
24533
42181
43946
30038
58114
37835
58074
9933
6048
57477
10021
47221
49278
24058
54302
7519
16561
28737
20153
49915
38478
35848
30398
33396
37038
20816
18127
31467
7641
21574
17904
50899
45819
21557
19702
37415
20022
20249
41261
53730
14689
18942
56831
24580
8590
25627
29219
20257
23225
31748
28535
30382
9532
16884
22721
29235
16912
17809
19456
43831
16865
12756
4053
13240
4527
14154
14208
34975
12950
13042
11631
11798
6475
9101
9059
30773
31166
19584
33174
6038
12622
22208
13740
26599
25052
20227
16646
26177
23137
15094
11992
19418
28213
16037
33302
34852
34926
16549
9260
19804
17619
16350
29692
15167
32079
2898
16672
21663
1685
23211
29639
16255
20129
31010
18411
19179
63324
42742
15724
27462
12973
17424
18328
44487
2159
11577
2877
43442
3515
28807
28097
20649
11209
58510
55304
8538
33377
30283
31005
34192
31444
27137
26808
32326
29693
27888
26864
23958
20938
17355
19136
18986
20783
21498
20414
7526
16135
23131
11920
21446
24439
25367
14189
17298
4775
2191
22331
29570
17527
56970
18119
14474
11535
14763
27182
6723
6619
25940
10250
6585
13494
10626
15174
32146
61222
20974
16934
14683
32524
11170
22267
25452
26191
13608
17736
10212
4066
30399
11514
0
234
868
1043
225
680
724
2254
1317
2844
381
3689
3041
2297
3323
1997
4947
977
3954
4666
7716
4854
3973
7629
9757
5072
3645
6950
972
1425
2869
6816
10039
10315
31059
8629
51311
35260
50641
62793
40361
12028
28617
12139
14110
22088
59628
12064
20017
62439
14595
19440
3710
60147
18797
11539
21744
9772
16538
18205
15402
25366
1207
25747
4822
2970
24749
4975
20105
21144
12070
24302
3797
8492
14648
10644
23183
20697
19638
16915
18855
20517
11356
10098
16307
4778
12044
10695
29600
26056
12255
11846
21724
11490
11827
24621
33236
10585
6647
34701
19498
4092
20948
24102
14089
13374
25060
17903
18053
7483
5993
14580
21866
8292
11679
13496
23502
14906
7998
2164
7243
2373
11703
12415
21931
11605
12693
11380
4858
2839
4316
4406
12146
12465
10282
13908
3182
6920
12091
8440
11166
16048
14993
12860
19851
15844
8692
7660
8303
10908
8786
15047
25806
17918
8380
9603
16526
6710
7319
16665
20030
13616
3870
20664
15348
4037
17563
17845
12377
3412
16770
13987
10359
2718
30907
11575
8817
64905
65024
3066
30086
3478
64568
2775
27050
1287
24224
24665
27285
65300
685
58755
17507
16475
13374
14438
19588
17664
10871
15001
16247
14205
12775
14123
15756
13489
14429
15125
64249
15793
59038
59572
18450
60455
60194
63277
3271
64185
60997
64621
1138
2239
3377
2556
7236
3178
60627
62665
15036
62659
16613
16187
1689
1994
15533
65131
7150
2672
51425
538
5126
59998
328
64062
60887
5987
61927
597
60874
62500
64714
64775
3823
1404
6270
477
62829
46849
35019
39994
62717
54942
56321
41519
53648
42450
63318
40448
46404
52520
47756
55791
43031
61453
49525
47933
38674
49500
52765
42937
38029
52466
55906
49488
62947
61881
58763
52142
56093
57386
763
53347
36070
20878
37966
29659
16800
43667
61357
50106
58614
49749
43921
53980
56140
51510
50704
51952
54330
27333
48354
55135
47206
55364
53980
54954
62162
56574
28719
56642
62668
63922
62342
63254
570
595
61945
729
64790
64012
63660
64041
4487
64024
64148
64730
65254
1009
1400
1375
5030
145
2992
1761
7771
8785
4464
3786
9085
5409
5723
12096
18927
6835
62789
21122
18139
1207
18615
21900
5558
9370
22608
14821
19530
6850
4266
14085
19451
8073
11047
13414
31383
14255
8719
3192
9978
3577
11346
11878
32240
11885
12650
11286
11801
6591
9435
9562
33043
34062
22157
37396
7085
15164
27110
17369
32512
33249
28327
24014
38391
33846
21675
17987
27128
39328
24505
49537
60286
55321
26572
19280
38503
27618
27185
53354
35602
50333
26624
44618
26814
12693
31611
36748
44236
38253
42044
46968
36279
59160
5558
40961
44691
35841
28568
31565
56109
6986
23686
11495
47102
12061
41002
39895
23069
13265
9715
7263
62879
37075
24903
30844
54139
45508
17301
33356
48991
39652
32587
37397
40323
28511
28156
36719
30104
47615
10996
10253
43669
5362
17494
11479
62502
43039
24300
24065
45043
25722
29222
3024
26981
31388
4323
11039
33768
37998
49063
44712
9884
19780
4320
25841
162
14562
35180
37911
17449
50762
33785
64650
42059
12693
23063
26272
40288
58813
2343
31214
16939
15520
17409
61340
