6077
54715
62232
10566
23280
47027
46922
7410
35536
5660
9311
12555
43383
40235
60518
30408
16336
37190
47396
59288
18071
62954
38308
14217
24536
38433
61216
58365
33457
21427
52261
51815
36541
50006
48329
52664
44317
38798
39928
20048
39112
16651
17623
6355
48371
13312
40752
62894
10081
55921
5659
22499
49758
23121
32736
12981
32569
57275
2269
14804
55996
21907
46198
32432
54429
44856
46750
53299
33988
39247
2440
1174
45161
29977
55538
37660
38928
6327
8192
58316
8097
25864
60784
30455
31760
24457
27267
33636
10869
60612
25207
33067
45861
34864
21608
59483
57839
21069
53497
12965
13417
20332
20216
16359
60700
29917
21595
34566
13694
19867
34311
23399
34542
21347
19619
24814
8051
14485
22248
17613
37937
3257
51413
29433
14989
45507
18093
56344
58681
61526
744
62555
30801
31518
51934
49863
63654
64775
3467
2593
34525
8276
18224
12776
28793
2377
59408
2617
46460
21580
57334
50029
11633
48845
54028
13398
7439
60500
50134
60325
49633
12406
27659
31670
58185
15851
63411
44893
22092
37473
40562
5458
52275
52796
53055
1374
33649
39460
27929
40492
50220
24856
47069
17486
24906
62114
540
11380
27869
35071
34106
20095
56696
46039
47790
44890
34649
34582
30740
52487
46028
46101
49819
49932
40997
57949
3673
63408
41371
54659
14165
23332
46096
40049
15199
43340
31151
19456
14737
43045
34344
4168
28018
38222
21871
48722
10262
36631
3298
49367
6858
50918
6452
55832
50929
50754
29662
64013
33761
46531
30984
23104
35048
44485
52394
35017
50798
24033
21666
32364
39122
45224
59203
19914
44728
52193
63500
63722
35307
64068
13739
14838
19130
64417
62162
63386
242
1408
49156
65044
1913
62224
7802
24388
58178
63403
59185
8973
57821
4114
59342
61728
24354
5527
21822
4225
22997
2916
56358
8463
50731
7559
64156
9229
64284
8625
57481
8924
9240
3155
9128
54766
64135
773
5736
20779
4227
13593
11419
9232
16879
11947
6324
59732
62050
6256
64425
2652
19295
9745
28820
29784
61044
29771
9590
8816
19380
24785
31708
65534
6912
298
9262
3947
6218
1846
11619
31609
31632
3879
5835
7488
330
2441
6879
8553
1504
5034
6601
16402
1890
16883
8797
6608
17662
26088
9478
8067
10252
6519
18277
9845
8009
14772
16222
15004
15839
12250
10083
6753
4284
11287
12705
3611
11191
18628
33808
2687
29117
5647
25759
28241
6471
35022
9805
4286
10670
6430
12901
12929
3457
30494
3440
9277
21977
9694
7515
19197
18213
11087
28101
10398
6407
9433
9371
1877
7537
30697
20709
23077
8208
6455
7731
23751
8137
26217
28400
62076
18263
13631
10178
7225
12973
11973
30185
16676
13703
16029
10177
38256
19188
12851
17159
10127
8899
14996
21994
26942
13454
18437
65029
2766
18916
27714
20081
61820
26650
22212
43181
26395
27210
23832
11577
9115
7194
21243
24877
22378
24456
20421
3105
16622
19386
16573
16202
10511
65278
5232
38557
11440
65496
2886
2195
353
183
4132
63960
10574
28827
9091
63536
7058
11983
2762
4092
7704
6914
2761
18792
2404
2925
1149
32563
13252
2436
1506
3279
27315
64273
1045
11372
718
3056
51263
56756
64815
56348
153
579
22856
4079
63328
664
16861
65505
23425
15953
25210
28280
21654
5782
18193
338
26467
1953
11877
16207
3151
25922
28431
4526
9384
16144
22118
626
25116
15351
10709
28828
22875
21234
2847
23669
14581
3027
21241
10470
22768
64227
20622
60799
26431
11029
30683
26984
12152
27726
4933
208
4554
16289
16354
17378
28995
13602
18546
32306
5314
22090
51029
346
8940
58200
9932
28446
14541
23773
26947
18461
25524
37680
34440
13053
47446
30461
62499
3017
61019
32410
61269
61500
58858
2047
25488
30573
2149
14281
3268
322
62748
2639
10454
2511
2192
9038
19036
3880
19095
12513
5141
16863
30643
14289
8252
11735
8759
6903
13745
10682
19661
33391
15444
21555
17811
8678
11443
5479
13135
41789
1381
12644
21658
40043
5341
22754
63334
48149
22762
2058
26428
26462
12891
21578
16944
59188
59007
23965
11271
9793
21607
44400
20563
45471
37477
26853
16980
38715
25572
21432
19146
37302
45335
24821
10466
40562
64516
28586
4947
15353
51077
31201
59732
17058
42657
16987
5782
25927
2582
27496
40681
42310
58038
48376
29758
32604
35339
50173
25949
61203
43838
50323
50850
55454
35435
42437
20047
34802
8865
41203
48067
17549
20028
24920
28687
34243
5530
4908
1408
53831
48056
47155
54917
2526
62787
63226
55588
30720
40848
35611
35717
53583
32393
46817
49111
33294
45863
47179
26328
37328
44387
48710
29400
26991
16874
29823
44119
38593
30096
14052
32996
4910
30740
7006
19748
30994
14757
20279
16708
35374
27676
36235
21638
40407
31468
27807
23000
35683
31749
20685
12772
26179
31279
7754
20471
7492
25795
28967
8937
63500
63268
33878
62056
13531
13462
17706
60001
59748
57915
65152
59570
42918
60398
60491
58228
63280
22423
50040
53625
43375
64563
49415
53743
38910
51370
16556
57300
19469
848
16331
54326
42255
60356
27486
56628
51489
62874
52864
44848
35915
42936
43005
41166
53693
15238
47182
40017
38118
7909
35084
39059
58131
32695
35525
47902
16957
31521
21365
29416
35813
14945
24700
18738
16040
22057
12196
16882
39173
34865
54971
42859
22544
45003
37198
39689
31070
18967
22656
25384
30337
47848
5270
45681
37980
60281
38469
41232
3587
15939
39619
42288
24103
57175
41616
27801
8015
55431
37390
16071
63028
56399
59516
54739
38650
39423
48761
41500
57625
6325
40701
48941
35530
37726
39879
48326
31832
52451
52069
14631
12591
61539
60822
36774
64747
1382
55282
4928
9802
3619
8262
3632
17013
16314
59871
31220
697
2341
10807
64084
10183
61930
56053
51920
56546
51612
63866
65066
12649
11720
1389
33340
43172
16342
6019
48529
41760
31929
11484
17636
44991
14787
42272
24979
19753
50674
17152
35005
5349
40797
40345
61424
16208
25515
24170
402
53597
28412
50503
48092
54424
34909
40770
12558
44684
3661
48217
56509
26068
29133
24928
33459
54477
43292
50577
44940
19283
18188
35221
30079
45091
43836
48403
36076
4580
18506
7178
7060
12526
4150
26512
26884
46880
16882
28613
49416
55072
16539
34304
53000
48239
16418
21492
4849
2054
54686
57965
10088
519
55769
63494
40189
32237
14779
37629
38793
27987
52461
25986
54354
35931
30604
8304
4464
17686
35298
58620
1805
41443
46514
46554
6676
25522
33395
33916
41599
